```json
{
  "duration": 2.0,
  "frames": [
    {
      "time": 0.0,
      "bones": {
        "全ての親": [0.0, 0.0, 0.0],
        "センター": [0.0, 0.0, 0.0],
        "グルーヴ": [0.0, 0.0, 0.0],
        "操作中心": [0.0, 0.0, 0.0],
        "腰": [0.0, 0.0, 0.0],
        "下半身": [0.0, 0.0, 0.0],
        "上半身": [0.0, 0.0, 0.0],
        "上半身1": [0.0, 0.0, 0.0],
        "上半身2": [0.0, 0.0, 0.0],
        "首": [0.0, 0.0, 0.0],
        "頭": [0.0, 0.0, 0.0],
        "左肩": [0.0, 0.0, 0.0],
        "左腕": [0.0, 0.0, 0.0],
        "左腕捩": [0.0, 0.0, 0.0],
        "左ひじ": [0.0, 0.0, 0.0],
        "左手捩": [0.0, 0.0, 0.0],
        "左手首": [0.0, 0.0, 0.0],
        "右肩": [0.0, 0.0, 0.0],
        "右腕": [0.0, 0.0, 0.0],
        "右腕捩": [0.0, 0.0, 0.0],
        "右ひじ": [0.0, 0.0, 0.0],
        "右手捩": [0.0, 0.0, 0.0],
        "右手首": [0.0, 0.0, 0.0],
        "左足": [0.0, 0.0, 0.0],
        "左ひざ": [0.0, 0.0, 0.0],
        "左足首": [0.0, 0.0, 0.0],
        "左つま先": [0.0, 0.0, 0.0],
        "左足ＩＫ": [0.0, 0.0, 0.0],
        "左つま先ＩＫ": [0.0, 0.0, 0.0],
        "左足IK親": [0.0, 0.0, 0.0],
        "右足": [0.0, 0.0, 0.0],
        "右ひざ": [0.0, 0.0, 0.0],
        "右足首": [0.0, 0.0, 0.0],
        "右つま先": [0.0, 0.0, 0.0],
        "右足ＩＫ": [0.0, 0.0, 0.0],
        "右つま先ＩＫ": [0.0, 0.0, 0.0],
        "右足IK親": [0.0, 0.0, 0.0],
        "両目": [0.0, 0.0, 0.0],
        "左目": [0.0, 0.0, 0.0],
        "右目": [0.0, 0.0, 0.0]
      }
    },
    {
      "time": 0.1,
      "bones": {
        "全ての親": [0.0, 0.0, 0.0],
        "センター": [0.0, 0.0, 0.0],
        "グルーヴ": [0.0, 0.0, 0.0],
        "操作中心": [0.0, 0.0, 0.0],
        "腰": [0.0, 0.0, 0.0],
        "下半身": [0.0, 0.0, 0.0],
        "上半身": [0.0, -0.00714, 0.0],
        "上半身1": [0.0, 0.0, 0.0],
        "上半身2": [0.0, 0.0, 0.0],
        "首": [0.0, -0.02143, 0.0],
        "頭": [0.0, -0.06429, 0.0],
        "左肩": [0.0, 0.0, 0.0],
        "左腕": [-0.01429, 0.0, 0.00714],
        "左腕捩": [0.0, 0.0, 0.0],
        "左ひじ": [0.0, 0.0, 0.0],
        "左手捩": [0.0, 0.0, 0.0],
        "左手首": [0.0, 0.0, 0.0],
        "右肩": [0.0, 0.0, 0.0],
        "右腕": [-0.00714, 0.0, -0.00357],
        "右腕捩": [0.0, 0.0, 0.0],
        "右ひじ": [0.0, 0.0, 0.0],
        "右手捩": [0.0, 0.0, 0.0],
        "右手首": [0.0, 0.0, 0.0],
        "左足": [0.0, 0.0, 0.0],
        "左ひざ": [0.0, 0.0, 0.0],
        "左足首": [0.0, 0.0, 0.0],
        "左つま先": [0.0, 0.0, 0.0],
        "左足ＩＫ": [0.0, 0.0, 0.0],
        "左つま先ＩＫ": [0.0, 0.0, 0.0],
        "左足IK親": [0.0, 0.0, 0.0],
        "右足": [0.0, 0.0, 0.0],
        "右ひざ": [0.0, 0.0, 0.0],
        "右足首": [0.0, 0.0, 0.0],
        "右つま先": [0.0, 0.0, 0.0],
        "右足ＩＫ": [0.0, 0.0, 0.0],
        "右つま先ＩＫ": [0.0, 0.0, 0.0],
        "右足IK親": [0.0, 0.0, 0.0],
        "両目": [0.0, 0.0, 0.0],
        "左目": [0.0, 0.0, 0.0],
        "右目": [0.0, 0.0, 0.0]
      }
    },
    {
      "time": 0.2,
      "bones": {
        "全ての親": [0.0, 0.0, 0.0],
        "センター": [0.0, 0.0, 0.0],
        "グルーヴ": [0.0, 0.0, 0.0],
        "操作中心": [0.0, 0.0, 0.0],
        "腰": [0.0, 0.0, 0.0],
        "下半身": [0.0, 0.0, 0.0],
        "上半身": [0.0, -0.01429, 0.0],
        "上半身1": [0.0, 0.0, 0.0],
        "上半身2": [0.0, 0.0, 0.0],
        "首": [0.0, -0.04286, 0.0],
        "頭": [0.0, -0.12857, 0.0],
        "左肩": [0.0, 0.0, 0.0],
        "左腕": [-0.02857, 0.0, 0.01429],
        "左腕捩": [0.0, 0.0, 0.0],
        "左ひじ": [0.0, 0.0, 0.0],
        "左手捩": [0.0, 0.0, 0.0],
        "左手首": [0.0, 0.0, 0.0],
        "右肩": [0.0, 0.0, 0.0],
        "右腕": [-0.01429, 0.0, -0.00714],
        "右腕捩": [0.0, 0.0, 0.0],
        "右ひじ": [0.0, 0.0, 0.0],
        "右手捩": [0.0, 0.0, 0.0],
        "右手首": [0.0, 0.0, 0.0],
        "左足": [0.0, 0.0, 0.0],
        "左ひざ": [0.0, 0.0, 0.0],
        "左足首": [0.0, 0.0, 0.0],
        "左つま先": [0.0, 0.0, 0.0],
        "左足ＩＫ": [0.0, 0.0, 0.0],
        "左つま先ＩＫ": [0.0, 0.0, 0.0],
        "左足IK親": [0.0, 0.0, 0.0],
        "右足": [0.0, 0.0, 0.0],
        "右ひざ": [0.0, 0.0, 0.0],
        "右足首": [0.0, 0.0, 0.0],
        "右つま先": [0.0, 0.0, 0.0],
        "右足ＩＫ": [0.0, 0.0, 0.0],
        "右つま先ＩＫ": [0.0, 0.0, 0.0],
        "右足IK親": [0.0, 0.0, 0.0],
        "両目": [0.0, 0.0, 0.0],
        "左目": [0.0, 0.0, 0.0],
        "右目": [0.0, 0.0, 0.0]
      }
    },
    {
      "time": 0.3,
      "bones": {
        "全ての親": [0.0, 0.0, 0.0],
        "センター": [0.0, 0.0, 0.0],
        "グルーヴ": [0.0, 0.0, 0.0],
        "操作中心": [0.0, 0.0, 0.0],
        "腰": [0.0, 0.0, 0.0],
        "下半身": [0.0, 0.0, 0.0],
        "上半身": [0.0, -0.02143, 0.0],
        "上半身1": [0.0, 0.0, 0.0],
        "上半身2": [0.0, 0.0, 0.0],
        "首": [0.0, -0.06429, 0.0],
        "頭": [0.0, -0.19286, 0.0],
        "左肩": [0.0, 0.0, 0.0],
        "左腕": [-0.04286, 0.0, 0.02143],
        "左腕捩": [0.0, 0.0, 0.0],
        "左ひじ": [0.0, 0.0, 0.0],
        "左手捩": [0.0, 0.0, 0.0],
        "左手首": [0.0, 0.0, 0.0],
        "右肩": [0.0, 0.0, 0.0],
        "右腕": [-0.02143, 0.0, -0.01071],
        "右腕捩": [0.0, 0.0, 0.0],
        "右ひじ": [0.0, 0.0, 0.0],
        "右手捩": [0.0, 0.0, 0.0],
        "右手首": [0.0, 0.0, 0.0],
        "左足": [0.0, 0.0, 0.0],
        "左ひざ": [0.0, 0.0, 0.0],
        "左足首": [0.0, 0.0, 0.0],
        "左つま先": [0.0, 0.0, 0.0],
        "左足ＩＫ": [0.0, 0.0, 0.0],
        "左つま先ＩＫ": [0.0, 0.0, 0.0],
        "左足IK親": [0.0, 0.0, 0.0],
        "右足": [0.0, 0.0, 0.0],
        "右ひざ": [0.0, 0.0, 0.0],
        "右足首": [0.0, 0.0, 0.0],
        "右つま先": [0.0, 0.0, 0.0],
        "右足ＩＫ": [0.0, 0.0, 0.0],
        "右つま先ＩＫ": [0.0, 0.0, 0.0],
        "右足IK親": [0.0, 0.0, 0.0],
        "両目": [0.0, 0.0, 0.0],
        "左目": [0.0, 0.0, 0.0],
        "右目": [0.0, 0.0, 0.0]
      }
    },
    {
      "time": 0.4,
      "bones": {
        "全ての親": [0.0, 0.0, 0.0],
        "センター": [0.0, 0.0, 0.0],
        "グルーヴ": [0.0, 0.0, 0.0],
        "操作中心": [0.0, 0.0, 0.0],
        "腰": [0.0, 0.0, 0.0],
        "下半身": [0.0, 0.0, 0.0],
        "上半身": [0.0, -0.02857, 0.0],
        "上半身1": [0.0, 0.0, 0.0],
        "上半身2": [0.0, 0.0, 0.0],
        "首": [0.0, -0.08571, 0.0],
        "頭": [0.0, -0.25714, 0.0],
        "左肩": [0.0, 0.0, 0.0],
        "左腕": [-0.05714, 0.0, 0.02857],
        "左腕捩": [0.0, 0.0, 0.0],
        "左ひじ": [0.0, 0.0, 0.0],
        "左手捩": [0.0, 0.0, 0.0],
        "左手首": [0.0, 0.0, 0.0],
        "右肩": [0.0, 0.0, 0.0],
        "右腕": [-0.02857, 0.0, -0.01429],
        "右腕捩": [0.0, 0.0, 0.0],
        "右ひじ": [0.0, 0.0, 0.0],
        "右手捩": [0.0, 0.0, 0.0],
        "右手首": [0.0, 0.0, 0.0],
        "左足": [0.0, 0.0, 0.0],
        "左ひざ": [0.0, 0.0, 0.0],
        "左足首": [0.0, 0.0, 0.0],
        "左つま先": [0.0, 0.0, 0.0],
        "左足ＩＫ": [0.0, 0.0, 0.0],
        "左つま先ＩＫ": [0.0, 0.0, 0.0],
        "左足IK親": [0.0, 0.0, 0.0],
        "右足": [0.0, 0.0, 0.0],
        "右ひざ": [0.0, 0.0, 0.0],
        "右足首": [0.0, 0.0, 0.0],
        "右つま先": [0.0, 0.0, 0.0],
        "右足ＩＫ": [0.0, 0.0, 0.0],
        "右つま先ＩＫ": [0.0, 0.0, 0.0],
        "右足IK親": [0.0, 0.0, 0.0],
        "両目": [0.0, 0.0, 0.0],
        "左目": [0.0, 0.0, 0.0],
        "右目": [0.0, 0.0, 0.0]
      }
    },
    {
      "time": 0.5,
      "bones": {
        "全ての親": [0.0, 0.0, 0.0],
        "センター": [0.0, 0.0, 0.0],
        "グルーヴ": [0.0, 0.0, 0.0],
        "操作中心": [0.0, 0.0, 0.0],
        "腰": [0.0, 0.0, 0.0],
        "下半身": [0.0, 0.0, 0.0],
        "上半身": [0.0, -0.03571, 0.0],
        "上半身1": [0.0, 0.0, 0.0],
        "上半身2": [0.0, 0.0, 0.0],
        "首": [0.0, -0.10714, 0.0],
        "頭": [0.0, -0.32143, 0.0],
        "左肩": [0.0, 0.0, 0.0],
        "左腕": [-0.07143, 0.0, 0.03571],
        "左腕捩": [0.0, 0.0, 0.0],
        "左ひじ": [0.0, 0.0, 0.0],
        "左手捩": [0.0, 0.0, 0.0],
        "左手首": [0.0, 0.0, 0.0],
        "右肩": [0.0, 0.0, 0.0],
        "右腕": [-0.03571, 0.0, -0.01786],
        "右腕捩": [0.0, 0.0, 0.0],
        "右ひじ": [0.0, 0.0, 0.0],
        "右手捩": [0.0, 0.0, 0.0],
        "右手首": [0.0, 0.0, 0.0],
        "左足": [0.0, 0.0, 0.0],
        "左ひざ": [0.0, 0.0, 0.0],
        "左足首": [0.0, 0.0, 0.0],
        "左つま先": [0.0, 0.0, 0.0],
        "左足ＩＫ": [0.0, 0.0, 0.0],
        "左つま先ＩＫ": [0.0, 0.0, 0.0],
        "左足IK親": [0.0, 0.0, 0.0],
        "右足": [0.0, 0.0, 0.0],
        "右ひざ": [0.0, 0.0, 0.0],
        "右足首": [0.0, 0.0, 0.0],
        "右つま先": [0.0, 0.0, 0.0],
        "右足ＩＫ": [0.0, 0.0, 0.0],
        "右つま先ＩＫ": [0.0, 0.0, 0.0],
        "右足IK親": [0.0, 0.0, 0.0],
        "両目": [0.0, 0.0, 0.0],
        "左目": [0.0, 0.0, 0.0],
        "右目": [0.0, 0.0, 0.0]
      }
    },
    {
      "time": 0.6,
      "bones": {
        "全ての親": [0.0, 0.0, 0.0],
        "センター": [0.0, 0.0, 0.0],
        "グルーヴ": [0.0, 0.0, 0.0],
        "操作中心": [0.0, 0.0, 0.0],
        "腰": [0.0, 0.0, 0.0],
        "下半身": [0.0, 0.0, 0.0],
        "上半身": [0.0, -0.04286, 0.0],
        "上半身1": [0.0, 0.0, 0.0],
        "上半身2": [0.0, 0.0, 0.0],
        "首": [0.0, -0.12857, 0.0],
        "頭": [0.0, -0.38571, 0.0],
        "左肩": [0.0, 0.0, 0.0],
        "左腕": [-0.08571, 0.0, 0.04286],
        "左腕捩": [0.0, 0.0, 0.0],
        "左ひじ": [0.0, 0.0, 0.0],
        "左手捩": [0.0, 0.0, 0.0],
        "左手首": [0.0, 0.0, 0.0],
        "右肩": [0.0, 0.0, 0.0],
        "右腕": [-0.04286, 0.0, -0.02143],
        "右腕捩": [0.0, 0.0, 0.0],
        "右ひじ": [0.0, 0.0, 0.0],
        "右手捩": [0.0, 0.0, 0.0],
        "右手首": [0.0, 0.0, 0.0],
        "左足": [0.0, 0.0, 0.0],
        "左ひざ": [0.0, 0.0, 0.0],
        "左足首": [0.0, 0.0, 0.0],
        "左つま先": [0.0, 0.0, 0.0],
        "左足ＩＫ": [0.0, 0.0, 0.0],
        "左つま先ＩＫ": [0.0, 0.0, 0.0],
        "左足IK親": [0.0, 0.0, 0.0],
        "右足": [0.0, 0.0, 0.0],
        "右ひざ": [0.0, 0.0, 0.0],
        "右足首": [0.0, 0.0, 0.0],
        "右つま先": [0.0, 0.0, 0.0],
        "右足ＩＫ": [0.0, 0.0, 0.0],
        "右つま先ＩＫ": [0.0, 0.0, 0.0],
        "右足IK親": [0.0, 0.0, 0.0],
        "両目": [0.0, 0.0, 0.0],
        "左目": [0.0, 0.0, 0.0],
        "右目": [0.0, 0.0, 0.0]
      }
    },
    {
      "time": 0.7,
      "bones": {
        "全ての親": [0.0, 0.0, 0.0],
        "センター": [0.0, 0.0, 0.0],
        "グルーヴ": [0.0, 0.0, 0.0],
        "操作中心": [0.0, 0.0, 0.0],
        "腰": [0.0, 0.0, 0.0],
        "下半身": [0.0, 0.0, 0.0],
        "上半身": [0.0, -0.05, 0.0],
        "上半身1": [0.0, 0.0, 0.0],
        "上半身2": [0.0, 0.0, 0.0],
        "首": [0.0, -0.15, 0.0],
        "頭": [0.0, -0.45, 0.0],
        "左肩": [0.0, 0.0, 0.0],
        "左腕": [-0.1, 0.0, 0.05],
        "左腕捩": [0.0, 0.0, 0.0],
        "左ひじ": [0.0, 0.0, 0.0],
        "左手捩": [0.0, 0.0, 0.0],
        "左手手首": [0.0, 0.0, 0.0],
        "右肩": [0.0, 0.0, 0.0],
        "右腕": [-0.05, 0.0, -0.025],
        "右腕捩": [0.0, 0.0, 0.0],
        "右ひじ": [0.0, 0.0, 0.0],
        "右手捩": [0.0, 0.0, 0.0],
        "右手首": [0.0, 0.0, 0.0],
        "左足": [0.0, 0.0, 0.0],
        "左ひざ": [0.0, 0.0, 0.0],
        "左足首": [0.0, 0.0, 0.0],
        "左つま先": [0.0, 0.0, 0.0],
        "左足ＩＫ": [0.0, 0.0, 0.0],
        "左つま先ＩＫ": [0.0, 0.0, 0.0],
        "左足IK親": [0.0, 0.0, 0.0],
        "右足": [0.0, 0.0, 0.0],
        "右ひざ": [0.0, 0.0, 0.0],
        "右足首": [0.0, 0.0, 0.0],
        "右つま先": [0.0, 0.0, 0.0],
        "右足ＩＫ": [0.0, 0.0, 0.0],
        "右つま先ＩＫ": [0.0, 0.0, 0.0],
        "右足IK親": [0.0, 0.0, 0.0],
        "両目": [0.0, 0.0, 0.0],
        "左目": [0.0, 0.0, 0.0],
        "右目": [0.0, 0.0, 0.0]
      }
    },
    {
      "time": 0.8,
      "bones": {
        "全ての親": [0.0, 0.0, 0.0],
        "センター": [0.0, 0.0, 0.0],
        "グルーヴ": [0.0, 0.0, 0.0],
        "操作中心": [0.0, 0.0, 0.0],
        "腰": [0.0, 0.0, 0.0],
        "下半身": [0.0, 0.0, 0.0],
        "上半身": [0.0, -0.03571, 0.0],
        "上半身1": [0.0, 0.0, 0.0],
        "上半身2": [0.0, 0.0, 0.0],
        "首": [0.0, -0.10714, 0.0],
        "頭": [0.0, -0.32143, 0.0],
        "左肩": [0.0, 0.0, 0.0],
        "左腕": [-0.07857, 0.0, 0.03929],
        "左腕捩": [0.0, 0.0, 0.0],
        "左ひじ": [0.0, 0.0, 0.0],
        "左手捩": [0.0, 0.0, 0.0],
        "左手首": [0.0, 0.0, 0.0],
        "右肩": [0.0, 0.0, 0.0],
        "右腕": [-0.03929, 0.0, -0.01071],
        "右腕捩": [0.0, 0.0, 0.0],
        "右ひじ": [0.0, 0.0, 0.0],
        "右手捩": [0.0, 0.0, 0.0],
        "右手首": [0.0, 0.0, 0.0],
        "左足": [0.0, 0.0, 0.0],
        "左ひざ": [0.0, 0.0, 0.0],
        "左足首": [0.0, 0.0, 0.0],
        "左つま先": [0.0, 0.0, 0.0],
        "左足ＩＫ": [0.0, 0.0, 0.0],
        "左つま先ＩＫ": [0.0, 0.0, 0.0],
        "左足IK親": [0.0, 0.0, 0.0],
        "右足": [0.0, 0.0, 0.0],
        "右ひざ": [0.0, 0.0, 0.0],
        "右足首": [0.0, 0.0, 0.0],
        "右つま先": [0.0, 0.0, 0.0],
        "右足ＩＫ": [0.0, 0.0, 0.0],
        "右つま先ＩＫ": [0.0, 0.0, 0.0],
        "右足IK親": [0.0, 0.0, 0.0],
        "両目": [0.0, 0.0, 0.0],
        "左目": [0.0, 0.0, 0.0],
        "右目": [0.0, 0.0, 0.0]
      }
    },
    {
      "time": 0.9,
      "bones": {
        "全ての親": [0.0, 0.0, 0.0],
        "センター": [0.0, 0.0, 0.0],
        "グルーヴ": [0.0, 0.0, 0.0],
        "操作中心": [0.0, 0.0, 0.0],
        "腰": [0.0, 0.0, 0.0],
        "下半身": [0.0, 0.0, 0.0],
        "上半身": [0.0, -0.02143, 0.0],
        "上半身1": [0.0, 0.0, 0.0],
        "上半身2": [0.0, 0.0, 0.0],
        "首": [0.0, -0.06429, 0.0],
        "頭": [0.0, -0.19286, 0.0],
        "左肩": [0.0, 0.0, 0.0],
        "左腕": [-0.05714, 0.0, 0.02857],
        "左腕捩": [0.0, 0.0, 0.0],
        "左ひじ": [0.0, 0.0, 0.0],
        "左手捩": [0.0, 0.0, 0.0],
        "左手首": [0.0, 0.0, 0.0],
        "右肩": [0.0, 0.0, 0.0],
        "右腕": [-0.02857, 0.0, 0.00357],
        "右腕捩": [0.0, 0.0, 0.0],
        "右ひじ": [0.0, 0.0, 0.0],
        "右手捩": [0.0, 0.0, 0.0],
        "右手手首": [0.0, 0.0, 0.0],
        "左足": [0.0, 0.0, 0.0],
        "左ひざ": [0.0, 0.0, 0.0],
        "左足首": [0.0, 0.0, 0.0],
        "左つま先": [0.0, 0.0, 0.0],
        "左足ＩＫ": [0.0, 0.0, 0.0],
        "左つま先ＩＫ": [0.0, 0.0, 0.0],
        "左足IK親": [0.0, 0.0, 0.0],
        "右足": [0.0, 0.0, 0.0],
        "右ひざ": [0.0, 0.0, 0.0],
        "右足首": [0.0, 0.0, 0.0],
        "右つま先": [0.0, 0.0, 0.0],
        "右足ＩＫ": [0.0, 0.0, 0.0],
        "右つま先ＩＫ": [0.0, 0.0, 0.0],
        "右足IK親": [0.0, 0.0, 0.0],
        "両目": [0.0, 0.0, 0.0],
        "左目": [0.0, 0.0, 0.0],
        "右目": [0.0, 0.0, 0.0]
      }
    },
    {
      "time": 1.0,
      "bones": {
        "全ての親": [0.0, 0.0, 0.0],
        "センター": [0.0, 0.0, 0.0],
        "グルーヴ": [0.0, 0.0, 0.0],
        "操作中心": [0.0, 0.0, 0.0],
        "腰": [0.0, 0.0, 0.0],
        "下半身": [0.0, 0.0, 0.0],
        "上半身": [0.0, -0.00714, 0.0],
        "上半身1": [0.0, 0.0, 0.0],
        "上半身2": [0.0, 0.0, 0.0],
        "首": [0.0, -0.02143, 0.0],
        "頭": [0.0, -0.06429, 0.0],
        "左肩": [0.0, 0.0, 0.0],
        "左腕": [-0.03571, 0.0, 0.01786],
        "左腕捩": [0.0, 0.0, 0.0],
        "左ひじ": [0.0, 0.0, 0.0],
        "左手捩": [0.0, 0.0, 0.0],
        "左手首": [0.0, 0.0, 0.0],
        "右肩": [0.0, 0.0, 0.0],
        "右腕": [-0.01786, 0.0, 0.01786],
        "右腕捩": [0.0, 0.0, 0.0],
        "右ひじ": [0.0, 0.0, 0.0],
        "右手捩": [0.0, 0.0, 0.0],
        "右手首": [0.0, 0.0, 0.0],
        "左足": [0.0, 0.0, 0.0],
        "左ひざ": [0.0, 0.0, 0.0],
        "左足首": [0.0, 0.0, 0.0],
        "左つま先": [0.0, 0.0, 0.0],
        "左足ＩＫ": [0.0, 0.0, 0.0],
        "左つま先ＩＫ": [0.0, 0.0, 0.0],
        "左足IK親": [0.0, 0.0, 0.0],
        "右足": [0.0, 0.0, 0.0],
        "右ひざ": [0.0, 0.0, 0.0],
        "右足首": [0.0, 0.0, 0.0],
        "右つま先": [0.0, 0.0, 0.0],
        "右足ＩＫ": [0.0, 0.0, 0.0],
        "右つま先ＩＫ": [0.0, 0.0, 0.0],
        "右足IK親": [0.0, 0.0, 0.0],
        "両目": [0.0, 0.0, 0.0],
        "左目": [0.0, 0.0, 0.0],
        "右目": [0.0, 0.0, 0.0]
      }
    },
    {
      "time": 1.1,
      "bones": {
        "全ての親": [0.0, 0.0, 0.0],
        "センター": [0.0, 0.0, 0.0],
        "グルーヴ": [0.0, 0.0, 0.0],
        "操作中心": [0.0, 0.0, 0.0],
        "腰": [0.0, 0.0, 0.0],
        "下半身": [0.0, 0.0, 0.0],
        "上半身": [0.0, 0.00714, 0.0],
        "上半身1": [0.0, 0.0, 0.0],
        "上半身2": [0.0, 0.0, 0.0],
        "首": [0.0, 0.02143, 0.0],
        "頭": [0.0, 0.06429, 0.0],
        "左肩": [0.0, 0.0, 0.0],
        "左腕": [-0.01429, 0.0, 0.00714],
        "左腕捩": [0.0, 0.0, 0.0],
        "左ひじ": [0.0, 0.0, 0.0],
        "左手捩": [0.0, 0.0, 0.0],
        "左手首": [0.0, 0.0, 0.0],
        "右肩": [0.0, 0.0, 0.0],
        "右腕": [-0.00714, 0.0, 0.03214],
        "右腕捩": [0.0, 0.0, 0.0],
        "右ひじ": [0.0, 0.0, 0.0],
        "右手捩": [0.0, 0.0, 0.0],
        "右手首": [0.0, 0.0, 0.0],
        "左足": [0.0, 0.0, 0.0],
        "左ひざ": [0.0, 0.0, 0.0],
        "左足首": [0.0, 0.0, 0.0],
        "左つま先": [0.0, 0.0, 0.0],
        "左足ＩＫ": [0.0, 0.0, 0.0],
        "左つま先ＩＫ": [0.0, 0.0, 0.0],
        "左足IK親": [0.0, 0.0, 0.0],
        "右足": [0.0, 0.0, 0.0],
        "右ひざ": [0.0, 0.0, 0.0],
        "右足首": [0.0, 0.0, 0.0],
        "右つま先": [0.0, 0.0, 0.0],
        "右足ＩＫ": [0.0, 0.0, 0.0],
        "右つま先ＩＫ": [0.0, 0.0, 0.0],
        "右足IK親": [0.0, 0.0, 0.0],
        "両目": [0.0, 0.0, 0.0],
        "左目": [0.0, 0.0, 0.0],
        "右目": [0.0, 0.0, 0.0]
      }
    },
    {
      "time": 1.2,
      "bones": {
        "全ての親": [0.0, 0.0, 0.0],
        "センター": [0.0, 0.0, 0.0],
        "グルーヴ": [0.0, 0.0, 0.0],
        "操作中心": [0.0, 0.0, 0.0],
        "腰": [0.0, 0.0, 0.0],
        "下半身": [0.0, 0.0, 0.0],
        "上半身": [0.0, 0.02143, 0.0],
        "上半身1": [0.0, 0.0, 0.0],
        "上半身2": [0.0, 0.0, 0.0],
        "首": [0.0, 0.06429, 0.0],
        "頭": [0.0, 0.19286, 0.0],
        "左肩": [0.0, 0.0, 0.0],
        "左腕": [0.00714, 0.0, -0.00357],
        "左腕捩": [0.0, 0.0, 0.0],
        "左ひじ": [0.0, 0.0, 0.0],
        "左手捩": [0.0, 0.0, 0.0],
        "左手首": [0.0, 0.0, 0.0],
        "右肩": [0.0, 0.0, 0.0],
        "右腕": [0.00714, 0.0, 0.03929],
        "右腕捩": [0.0, 0.0, 0.0],
        "右ひじ": [0.0, 0.0, 0.0],
        "右手捩": [0.0, 0.0, 0.0],
        "右手首": [0.0, 0.0, 0.0],
        "左足": [0.0, 0.0, 0.0],
        "左ひざ": [0.0, 0.0, 0.0],
        "左足首": [0.0, 0.0, 0.0],
        "左つま先": [0.0, 0.0, 0.0],
        "左足ＩＫ": [0.0, 0.0, 0.0],
        "左つま先ＩＫ": [0.0, 0.0, 0.0],
        "左足IK親": [0.0, 0.0, 0.0],
        "右足": [0.0, 0.0, 0.0],
        "右ひざ": [0.0, 0.0, 0.0],
        "右足首": [0.0, 0.0, 0.0],
        "右つま先": [0.0, 0.0, 0.0],
        "右足ＩＫ": [0.0, 0.0, 0.0],
        "右つま先ＩＫ": [0.0, 0.0, 0.0],
        "右足IK親": [0.0, 0.0, 0.0],
        "両目": [0.0, 0.0, 0.0],
        "左目": [0.0, 0.0, 0.0],
        "右目": [0.0, 0.0, 0.0]
      }
    },
    {
      "time": 1.3,
      "bones": {
        "全ての親": [0.0, 0.0, 0.0],
        "センター": [0.0, 0.0, 0.0],
        "グルーヴ": [0.0, 0.0, 0.0],
        "操作中心": [0.0, 0.0, 0.0],
        "腰": [0.0, 0.0, 0.0],
        "下半身": [0.0, 0.0, 0.0],
        "上半身": [0.0, 0.03571, 0.0],
        "上半身1": [0.0, 0.0, 0.0],
        "上半身2": [0.0, 0.0, 0.0],
        "首": [0.0, 0.10714, 0.0],
        "頭": [0.0, 0.32143, 0.0],
        "左肩": [0.0, 0.0, 0.0],
        "左腕": [0.02857, 0.0, -0.01429],
        "左腕捩": [0.0, 0.0, 0.0],
        "左ひじ": [0.0, 0.0, 0.0],
        "左手捩": [0.0, 0.0, 0.0],
        "左手首": [0.0, 0.0, 0.0],
        "右肩": [0.0, 0.0, 0.0],
        "右腕": [0.01786, 0.0, 0.04643],
        "右腕捩": [0.0, 0.0, 0.0],
        "右ひじ": [0.0, 0.0, 0.0],
        "右手捩": [0.0, 0.0, 0.0],
        "右手首": [0.0, 0.0, 0.0],
        "左足": [0.0, 0.0, 0.0],
        "左ひざ": [0.0, 0.0, 0.0],
        "左足首": [0.0, 0.0, 0.0],
        "左つま先": [0.0, 0.0, 0.0],
        "左足ＩＫ": [0.0, 0.0, 0.0],
        "左つま先ＩＫ": [0.0, 0.0, 0.0],
        "左足IK親": [0.0, 0.0, 0.0],
        "右足": [0.0, 0.0, 0.0],
        "右ひざ": [0.0, 0.0, 0.0],
        "右足首": [0.0, 0.0, 0.0],
        "右つま先": [0.0, 0.0, 0.0],
        "右足ＩＫ": [0.0, 0.0, 0.0],
        "右つま先ＩＫ": [0.0, 0.0, 0.0],
        "右足IK親": [0.0, 0.0, 0.0],
        "両目": [0.0, 0.0, 0.0],
        "左目": [0.0, 0.0, 0.0],
        "右目": [0.0, 0.0, 0.0]
      }
    },
    {
      "time": 1.4,
      "bones": {
        "全ての親": [0.0, 0.0, 0.0],
        "센터": [0.0, 0.0, 0.0],
        "グルーヴ": [0.0, 0.0, 0.0],
        "操作中心": [0.0, 0.0, 0.0],
        "腰": [0.0, 0.0, 0.0],
        "下半身": [0.0, 0.0, 0.0],
        "上半身": [0.0, 0.05, 0.0],
        "上半身1": [0.0, 0.0, 0.0],
        "上半身2": [0.0, 0.0, 0.0],
        "首": [0.0, 0.15, 0.0],
        "頭": [0.0, 0.45, 0.0],
        "左肩": [0.0, 0.0, 0.0],
        "左腕": [0.05, 0.0, -0.025],
        "左腕捩": [0.0, 0.0, 0.0],
        "左ひじ": [0.0, 0.0, 0.0],
        "左手捩": [0.0, 0.0, 0.0],
        "左手首": [0.0, 0.0, 0.0],
        "右肩": [0.0, 0.0, 0.0],
        "右腕": [0.025, 0.0, 0.05],
        "右腕捩": [0.0, 0.0, 0.0],
        "右ひじ": [0.0, 0.0, 0.0],
        "右手捩": [0.0, 0.0, 0.0],
        "右手首": [0.0, 0.0, 0.0],
        "左足": [0.0, 0.0, 0.0],
        "左ひざ": [0.0, 0.0, 0.0],
        "左足首": [0.0, 0.0, 0.0],
        "左つま先": [0.0, 0.0, 0.0],
        "左足ＩＫ": [0.0, 0.0, 0.0],
        "左つま先ＩＫ": [0.0, 0.0, 0.0],
        "左足IK親": [0.0, 0.0, 0.0],
        "右足": [0.0, 0.0, 0.0],
        "右ひざ": [0.0, 0.0, 0.0],
        "右足首": [0.0, 0.0, 0.0],
        "右つま先": [0.0, 0.0, 0.0],
        "右足ＩＫ": [0.0, 0.0, 0.0],
        "右つま先ＩＫ": [0.0, 0.0, 0.0],
        "右足IK親": [0.0, 0.0, 0.0],
        "両目": [0.0, 0.0, 0.0],
        "左目": [0.0, 0.0, 0.0],
        "右目": [0.0, 0.0, 0.0]
      }
    },
    {
      "time": 1.5,
      "bones": {
        "全ての親": [0.0, 0.0, 0.0],
        "センター": [0.0, 0.0, 0.0],
        "グルーヴ": [0.0, 0.0, 0.0],
        "操作中心": [0.0, 0.0, 0.0],
        "腰": [0.0, 0.0, 0.0],
        "下半身": [0.0, 0.0, 0.0],
        "上半身": [0.0, 0.04167, 0.0],
        "上半身1": [0.0, 0.0, 0.0],
        "上半身2": [0.0, 0.0, 0.0],
        "首": [0.0, 0.125, 0.0],
        "頭": [0.0, 0.375, 0.0],
        "左肩": [0.0, 0.0, 0.0],
        "左腕": [0.04167, 0.0, -0.02083],
        "左腕捩": [0.0, 0.0, 0.0],
        "左ひじ": [0.0, 0.0, 0.0],
        "左手捩": [0.0, 0.0, 0.0],
        "左手首": [0.0, 0.0, 0.0],
        "右肩": [0.0, 0.0, 0.0],
        "右腕": [0.02083, 0.0, 0.04167],
        "右腕捩": [0.0, 0.0, 0.0],
        "右ひじ": [0.0, 0.0, 0.0],
        "右手捩": [0.0, 0.0, 0.0],
        "右手首": [0.0, 0.0, 0.0],
        "左足": [0.0, 0.0, 0.0],
        "左ひざ": [0.0, 0.0, 0.0],
        "左足首": [0.0, 0.0, 0.0],
        "左つま先": [0.0, 0.0, 0.0],
        "左足ＩＫ": [0.0, 0.0, 0.0],
        "左つま先ＩＫ": [0.0, 0.0, 0.0],
        "左足IK親": [0.0, 0.0, 0.0],
        "右足": [0.0, 0.0, 0.0],
        "右ひざ": [0.0, 0.0, 0.0],
        "右足首": [0.0, 0.0, 0.0],
        "右つま先": [0.0, 0.0, 0.0],
        "右足ＩＫ": [0.0, 0.0, 0.0],
        "右つま先ＩＫ": [0.0, 0.0, 0.0],
        "右足IK親": [0.0, 0.0, 0.0],
        "両目": [0.0, 0.0, 0.0],
        "左目": [0.0, 0.0, 0.0],
        "右目": [0.0, 0.0, 0.0]
      }
    },
    {
      "time": 1.6,
      "bones": {
        "全ての親": [0.0, 0.0, 0.0],
        "センター": [0.0, 0.0, 0.0],
        "グルーヴ": [0.0, 0.0, 0.0],
        "操作中心": [0.0, 0.0, 0.0],
        "腰": [0.0, 0.0, 0.0],
        "下半身": [0.0, 0.0, 0.0],
        "上半身": [0.0, 0.03333, 0.0],
        "上半身1": [0.0, 0.0, 0.0],
        "上半身2": [0.0, 0.0, 0.0],
        "首": [0.0, 0.1, 0.0],
        "頭": [0.0, 0.3, 0.0],
        "左肩": [0.0, 0.0, 0.0],
        "左腕": [0.03333, 0.0, -0.01667],
        "左腕捩": [0.0, 0.0, 0.0],
        "左ひじ": [0.0, 0.0, 0.0],
        "左手捩": [0.0, 0.0, 0.0],
        "左手首": [0.0, 0.0, 0.0],
        "右肩": [0.0, 0.0, 0.0],
        "右腕": [0.01667, 0.0, 0.03333],
        "右腕捩": [0.0, 0.0, 0.0],
        "右ひじ": [0.0, 0.0, 0.0],
        "右手捩": [0.0, 0.0, 0.0],
        "右手首": [0.0, 0.0, 0.0],
        "左足": [0.0, 0.0, 0.0],
        "左ひざ": [0.0, 0.0, 0.0],
        "左足首": [0.0, 0.0, 0.0],
        "左つま先": [0.0, 0.0, 0.0],
        "左足ＩＫ": [0.0, 0.0, 0.0],
        "左つま先ＩＫ": [0.0, 0.0, 0.0],
        "左足IK親": [0.0, 0.0, 0.0],
        "右足": [0.0, 0.0, 0.0],
        "右ひざ": [0.0, 0.0, 0.0],
        "右足首": [0.0, 0.0, 0.0],
        "右つま先": [0.0, 0.0, 0.0],
        "右足ＩＫ": [0.0, 0.0, 0.0],
        "右つま先ＩＫ": [0.0, 0.0, 0.0],
        "右足IK親": [0.0, 0.0, 0.0],
        "両目": [0.0, 0.0, 0.0],
        "左目": [0.0, 0.0, 0.0],
        "右目": [0.0, 0.0, 0.0]
      }
    },
    {
      "time": 1.7,
      "bones": {
        "全ての親": [0.0, 0.0, 0.0],
        "センター": [0.0, 0.0, 0.0],
        "グルーヴ": [0.0, 0.0, 0.0],
        "操作中心": [0.0, 0.0, 0.0],
        "腰": [0.0, 0.0, 0.0],
        "下半身": [0.0, 0.0, 0.0],
        "上半身": [0.0, 0.025, 0.0],
        "上半身1": [0.0, 0.0, 0.0],
        "上半身2": [0.0, 0.0, 0.0],
        "首": [0.0, 0.075, 0.0],
        "頭": [0.0, 0.225, 0.0],
        "左肩": [0.0, 0.0, 0.0],
        "左腕": [0.025, 0.0, -0.0125],
        "左腕捩": [0.0, 0.0, 0.0],
        "左ひじ": [0.0, 0.0, 0.0],
        "左手捩": [0.0, 0.0, 0.0],
        "左手首": [0.0, 0.0, 0.0],
        "右肩": [0.0, 0.0, 0.0],
        "右腕": [0.0125, 0.0, 0.025],
        "右腕捩": [0.0, 0.0, 0.0],
        "右ひじ": [0.0, 0.0, 0.0],
        "右手捩": [0.0, 0.0, 0.0],
        "右手首": [0.0, 0.0, 0.0],
        "左足": [0.0, 0.0, 0.0],
        "左ひざ": [0.0, 0.0, 0.0],
        "左足首": [0.0, 0.0, 0.0],
        "左つま先": [0.0, 0.0, 0.0],
        "左足ＩＫ": [0.0, 0.0, 0.0],
        "左つま先ＩＫ": [0.0, 0.0, 0.0],
        "左足IK親": [0.0, 0.0, 0.0],
        "右足": [0.0, 0.0, 0.0],
        "右ひざ": [0.0, 0.0, 0.0],
        "右足首": [0.0, 0.0, 0.0],
        "右つま先": [0.0, 0.0, 0.0],
        "右足ＩＫ": [0.0, 0.0, 0.0],
        "右つま先ＩＫ": [0.0, 0.0, 0.0],
        "右足IK親": [0.0, 0.0, 0.0],
        "両目": [0.0, 0.0, 0.0],
        "左目": [0.0, 0.0, 0.0],
        "右目": [0.0, 0.0, 0.0]
      }
    },
    {
      "time": 1.8,
      "bones": {
        "全ての親": [0.0, 0.0, 0.0],
        "センター": [0.0, 0.0, 0.0],
        "グルーヴ": [0.0, 0.0, 0.0],
        "操作中心": [0.0, 0.0, 0.0],
        "腰": [0.0, 0.0, 0.0],
        "下半身": [0.0, 0.0, 0.0],
        "上半身": [0.0, 0.01667, 0.0],
        "上半身1": [0.0, 0.0, 0.0],
        "上半身2": [0.0, 0.0, 0.0],
        "首": [0.0, 0.05, 0.0],
        "頭": [0.0, 0.15, 0.0],
        "左肩": [0.0, 0.0, 0.0],
        "左腕": [0.01667, 0.0, -0.00833],
        "左腕捩": [0.0, 0.0, 0.0],
        "左ひじ": [0.0, 0.0, 0.0],
        "左手捩": [0.0, 0.0, 0.0],
        "左手首": [0.0, 0.0, 0.0],
        "右肩": [0.0, 0.0, 0.0],
        "右腕": [0.00833, 0.0, 0.01667],
        "右腕捩": [0.0, 0.0, 0.0],
        "右ひじ": [0.0, 0.0, 0.0],
        "右手捩": [0.0, 0.0, 0.0],
        "右手首": [0.0, 0.0, 0.0],
        "左足": [0.0, 0.0, 0.0],
        "左ひざ": [0.0, 0.0, 0.0],
        "左足首": [0.0, 0.0, 0.0],
        "左つま先": [0.0, 0.0, 0.0],
        "左足ＩＫ": [0.0, 0.0, 0.0],
        "左つま先ＩＫ": [0.0, 0.0, 0.0],
        "左足IK親": [0.0, 0.0, 0.0],
        "右足": [0.0, 0.0, 0.0],
        "右ひざ": [0.0, 0.0, 0.0],
        "右足首": [0.0, 0.0, 0.0],
        "右つま先": [0.0, 0.0, 0.0],
        "右足ＩＫ": [0.0, 0.0, 0.0],
        "右つま先ＩＫ": [0.0, 0.0, 0.0],
        "右足IK親": [0.0, 0.0, 0.0],
        "両目": [0.0, 0.0, 0.0],
        "左目": [0.0, 0.0, 0.0],
        "右目": [0.0, 0.0, 0.0]
      }
    },
    {
      "time": 1.9,
      "bones": {
        "全ての親": [0.0, 0.0, 0.0],
        "センター": [0.0, 0.0, 0.0],
        "グルーヴ": [0.0, 0.0, 0.0],
        "操作中心": [0.0, 0.0, 0.0],
        "腰": [0.0, 0.0, 0.0],
        "下半身": [0.0, 0.0, 0.0],
        "上半身": [0.0, 0.00833, 0.0],
        "上半身1": [0.0, 0.0, 0.0],
        "上半身2": [0.0, 0.0, 0.0],
        "首": [0.0, 0.025, 0.0],
        "頭": [0.0, 0.075, 0.0],
        "左肩": [0.0, 0.0, 0.0],
        "左腕": [0.00833, 0.0, -0.00417],
        "左腕捩": [0.0, 0.0, 0.0],
        "左ひじ": [0.0, 0.0, 0.0],
        "左手捩": [0.0, 0.0, 0.0],
        "左手首": [0.0, 0.0, 0.0],
        "右肩": [0.0, 0.0, 0.0],
        "右腕": [0.00417, 0.0, 0.00833],
        "右腕捩": [0.0, 0.0, 0.0],
        "右ひじ": [0.0, 0.0, 0.0],
        "右手捩": [0.0, 0.0, 0.0],
        "右手首": [0.0, 0.0, 0.0],
        "左足": [0.0, 0.0, 0.0],
        "左ひざ": [0.0, 0.0, 0.0],
        "左足首": [0.0, 0.0, 0.0],
        "左つま先": [0.0, 0.0, 0.0],
        "左足ＩＫ": [0.0, 0.0, 0.0],
        "左つま先ＩＫ": [0.0, 0.0, 0.0],
        "左足IK親": [0.0, 0.0, 0.0],
        "右足": [0.0, 0.0, 0.0],
        "右ひざ": [0.0, 0.0, 0.0],
        "右足首": [0.0, 0.0, 0.0],
        "右つま先": [0.0, 0.0, 0.0],
        "右足ＩＫ": [0.0, 0.0, 0.0],
        "右つま先ＩＫ": [0.0, 0.0, 0.0],
        "右足IK親": [0.0, 0.0, 0.0],
        "両目": [0.0, 0.0, 0.0],
        "左目": [0.0, 0.0, 0.0],
        "右目": [0.0, 0.0, 0.0]
      }
    },
    {
      "time": 2.0,
      "bones": {
        "全ての親": [0.0, 0.0, 0.0],
        "センター": [0.0, 0.0, 0.0],
        "グルーヴ": [0.0, 0.0, 0.0],
        "操作中心": [0.0, 0.0, 0.0],
        "腰": [0.0, 0.0, 0.0],
        "下半身": [0.0, 0.0, 0.0],
        "上半身": [0.0, 0.0, 0.0],
        "上半身1": [0.0, 0.0, 0.0],
        "上半身2": [0.0, 0.0, 0.0],
        "首": [0.0, 0.0, 0.0],
        "頭": [0.0, 0.0, 0.0],
        "左肩": [0.0, 0.0, 0.0],
        "左腕": [0.0, 0.0, 0.0],
        "左腕捩": [0.0, 0.0, 0.0],
        "左ひじ": [0.0, 0.0, 0.0],
        "左手捩": [0.0, 0.0, 0.0],
        "左手首": [0.0, 0.0, 0.0],
        "右肩": [0.0, 0.0, 0.0],
        "右腕": [0.0, 0.0, 0.0],
        "右腕捩": [0.0, 0.0, 0.0],
        "右ひじ": [0.0, 0.0, 0.0],
        "右手捩": [0.0, 0.0, 0.0],
        "右手首": [0.0, 0.0, 0.0],
        "左足": [0.0, 0.0, 0.0],
        "左ひざ": [0.0, 0.0, 0.0],
        "左足首": [0.0, 0.0, 0.0],
        "左つま先": [0.0, 0.0, 0.0],
        "左足ＩＫ": [0.0, 0.0, 0.0],
        "左つま先ＩＫ": [0.0, 0.0, 0.0],
        "左足IK親": [0.0, 0.0, 0.0],
        "右足": [0.0, 0.0, 0.0],
        "右ひざ": [0.0, 0.0, 0.0],
        "右足首": [0.0, 0.0, 0.0],
        "右つま先": [0.0, 0.0, 0.0],
        "右足ＩＫ": [0.0, 0.0, 0.0],
        "右つま先ＩＫ": [0.0, 0.0, 0.0],
        "右足IK親": [0.0, 0.0, 0.0],
        "両目": [0.0, 0.0, 0.0],
        "左目": [0.0, 0.0, 0.0],
        "右目": [0.0, 0.0, 0.0]
      }
    }
  ]
}
```